num_of_units: 4
unit_0:
  x: -0.248068756
  y: -0.023
  z: 0.238160614
  p0: -0.331787
  p1: 0.942849
unit_1:
  x: 0.255828766
  y: -0.012461066
  z: 0.247219559
  p0: 0.291897
  p1: 0.956927
unit_2:
  x: 0.260836884
  y: -0.031388401
  z: -0.249685532
  p0: 0.765492
  p1: 0.957746
unit_3:
  x: -0.236765350
  y: -0.046038269
  z: -0.260227448
  p0: 0.600500
  p1: 0.942744
